# oST version 5.0 parameters


[image]

width
640

height
480

[narrow_stereo/left]

camera matrix
811.123939 0.000000 311.131753
0.000000 813.888372 199.601549
0.000000 0.000000 1.000000

distortion
-0.062509 0.007910 -0.004968 0.000572 0.000000

rectification
0.999979 -0.005059 -0.004049
0.005101 0.999933 0.010367
0.003996 -0.010388 0.999938

projection
879.257301 0.000000 322.756310 0.000000
0.000000 879.257301 201.944382 0.000000
0.000000 0.000000 1.000000 0.000000

# oST version 5.0 parameters


[image]

width
640

height
480

[narrow_stereo/right]

camera matrix
813.434854 0.000000 354.749153
0.000000 814.543887 208.902326
0.000000 0.000000 1.000000

distortion
0.026435 0.140429 -0.011772 0.001446 0.000000

rectification
0.999677 -0.003447 0.025199
0.003708 0.999940 -0.010332
-0.025162 0.010422 0.999629

projection
879.257301 0.000000 322.756310 -62.087946
0.000000 879.257301 201.944382 0.000000
0.000000 0.000000 1.000000 0.000000

